0 0.26001 0.918457 0.35612 0.0107422 0.0195312 
0 0.336914 0.747559 0.419271 0.0185547 0.0364583 
0 0.385742 0.0395508 0.460938 0.0146484 0.0208333 
0 0.443115 0.387207 0.438802 0.0205078 0.03125 
0 0.456055 0.29248 0.470052 0.0166016 0.0338542 
0 0.493896 0.0219727 0.455729 0.0166016 0.0260417 
0 0.537598 0.166016 0.464193 0.0195312 0.0247396 
0 0.566895 0.245117 0.498047 0.0214844 0.0377604 
0 0.588867 0.885742 0.450521 0.03125 0.046875 
0 0.590332 0.700684 0.429688 0.0517578 0.0677083 
0 0.593262 0.956055 0.380859 0.015625 0.0247396 
0 0.629883 0.127441 0.445312 0.0146484 0.0234375 
0 0.639648 0.22168 0.433594 0.0175781 0.0286458 
0 0.650391 0.135254 0.498698 0.0205078 0.0364583 
0 0.654785 0.57666 0.451172 0.0185547 0.0325521 
0 0.683105 0.78125 0.414714 0.0253906 0.0403646 
0 0.752441 0.366211 0.500651 0.0253906 0.0429688 
0 0.761719 0.328125 0.475911 0.0253906 0.0455729 
0 0.771484 0.935059 0.457682 0.0400391 0.0585938 
0 0.771484 0.0844727 0.47526 0.0322266 0.0520833 
0 0.800781 0.501953 0.4375 0.0371094 0.0598958 
0 0.802734 0.439453 0.445312 0.0351562 0.0572917 
0 0.832031 0.8125 0.47526 0.0585938 0.0989583 
