0 0.677246 0.273438 0.427007 0.015625 0.0277372 
0 0.712891 0.143555 0.385401 0.0195312 0.0321168 
0 0.725098 0.765137 0.438686 0.0185547 0.0335766 
0 0.737793 0.904785 0.410949 0.0166016 0.0277372 
0 0.762695 0.174316 0.442336 0.0244141 0.0437956 
0 0.77832 0.312988 0.421898 0.0244141 0.0408759 
0 0.779297 0.0922852 0.414599 0.0185547 0.0350365 
0 0.779785 0.723633 0.433577 0.0214844 0.0379562 
0 0.781738 0.720215 0.545985 0.0283203 0.0525547 
0 0.787598 0.870117 0.429197 0.0234375 0.0408759 
0 0.802734 0.651855 0.431387 0.0244141 0.0423358 
0 0.811035 0.012207 0.445255 0.0244141 0.0613139 
0 0.821777 0.408203 0.412409 0.0292969 0.0540146 
0 0.824707 0.210938 0.448175 0.0371094 0.0671533 
0 0.838867 0.770508 0.554015 0.0292969 0.0510949 
0 0.906738 0.466309 0.30438 0.192383 0.337226 
