0 0.2854 0.352051 0.343206 0.0205078 0.0418118 
0 0.334473 0.377441 0.361498 0.0263672 0.0574913 
0 0.509766 0.564453 0.350174 0.0195312 0.0487805 
0 0.562012 0.189941 0.390244 0.0341797 0.0766551 
0 0.649902 0.00830078 0.376307 0.0166016 0.0801394 
0 0.67041 0.280762 0.368467 0.0361328 0.0818815 
0 0.687988 0.10791 0.356272 0.0380859 0.0818815 
0 0.689453 0.762207 0.539199 0.0615234 0.182927 
0 0.745605 0.550781 0.396341 0.0273438 0.0609756 
0 0.746094 0.115723 0.429442 0.0478516 0.0888502 
0 0.803711 0.0532227 0.364112 0.0380859 0.0836237 
0 0.811523 0.306641 0.428571 0.0410156 0.087108 
0 0.816406 0.375977 0.442509 0.0449219 0.118467 
0 0.830078 0.169434 0.455575 0.0517578 0.120209 
0 0.833984 0.518555 0.437282 0.0488281 0.108014 
0 0.869629 0.325684 0.555749 0.0693359 0.149826 
0 0.904785 0.677734 0.566202 0.125 0.292683 
