0 0.273193 0.714844 0.0183284 0.0214844 0.0366569 
0 0.317139 0.00830078 0.145894 0.0166016 0.0894428 
0 0.319092 0.740234 0.291056 0.0390625 0.0777126 
0 0.343506 0.459473 0.0102639 0.0224609 0.0205279 
0 0.344971 0.677734 0.0307918 0.0273438 0.0498534 
0 0.352539 0.836426 0.079912 0.0283203 0.0571848 
0 0.357666 0.564941 0.0923754 0.0244141 0.0439883 
0 0.360107 0.422852 0.090176 0.03125 0.0513196 
0 0.374512 0.206543 0.182551 0.0380859 0.068915 
0 0.378906 0.854004 0.360704 0.0478516 0.0879765 
0 0.407959 0.131836 0.058651 0.0273438 0.0498534 
0 0.569336 0.752441 0.0931085 0.0283203 0.0513196 
0 0.577637 0.962891 0.232405 0.0390625 0.0777126 
0 0.589844 0.100098 0.120968 0.0322266 0.0542522 
0 0.595215 0.0493164 0.0938416 0.0361328 0.0645161 
0 0.621094 0.890625 0.047654 0.0292969 0.0513196 
0 0.637695 0.770508 0.0322581 0.0332031 0.0557185 
0 0.640137 0.358398 0.240469 0.0351562 0.0703812 
0 0.642578 0.325195 0.203812 0.0332031 0.0615836 
0 0.649902 0.102051 0.262463 0.0400391 0.0733138 
0 0.655273 0.543457 0.0153959 0.0244141 0.0307918 
0 0.658691 0.653809 0.0843109 0.0283203 0.0454545 
0 0.674316 0.522949 0.165689 0.0341797 0.0557185 
0 0.687012 0.26123 0.108504 0.0322266 0.058651 
0 0.708008 0.969727 0.0461877 0.0332031 0.0542522 
0 0.733398 0.503906 0.255132 0.0371094 0.0645161 
0 0.738281 0.704102 0.131232 0.0332031 0.0571848 
0 0.738281 0.577148 0.223607 0.0332031 0.0601173 
0 0.740723 0.166016 0.085044 0.03125 0.0557185 
0 0.746094 0.646484 0.170088 0.0390625 0.0645161 
0 0.748047 0.593262 0.129765 0.0341797 0.0542522 
0 0.749512 0.388184 0.112903 0.0283203 0.0498534 
0 0.75293 0.915527 0.291789 0.0439453 0.0762463 
0 0.758789 0.870117 0.110704 0.03125 0.0513196 
0 0.766602 0.612305 0.0608504 0.0292969 0.0483871 
0 0.768555 0.483398 0.105572 0.03125 0.0527859 
0 0.771973 0.537109 0.315982 0.0410156 0.0747801 
0 0.771973 0.925781 0.063783 0.0351562 0.0542522 
0 0.782227 0.813965 0.133431 0.0341797 0.058651 
0 0.786133 0.708496 0.219941 0.0380859 0.0645161 
0 0.786621 0.416992 0.151026 0.03125 0.0527859 
0 0.788086 0.454102 0.221408 0.0351562 0.0615836 
0 0.788574 0.241699 0.277126 0.0400391 0.0791789 
0 0.791992 0.380859 0.297654 0.0410156 0.0791789 
0 0.79248 0.470215 0.361437 0.0419922 0.0806452 
0 0.793457 0.896973 0.184018 0.0419922 0.068915 
0 0.803223 0.765137 0.169355 0.0380859 0.0630499 
0 0.804688 0.6875 0.341642 0.046875 0.0821114 
0 0.806152 0.130859 0.335044 0.0429688 0.0806452 
0 0.809082 0.625488 0.258065 0.0400391 0.0645161 
0 0.816895 0.208984 0.435484 0.0449219 0.085044 
0 0.824219 0.312988 0.354106 0.0419922 0.0835777 
0 0.828125 0.827148 0.214809 0.0390625 0.0659824 
0 0.83252 0.714844 0.487537 0.0507812 0.0894428 
0 0.836914 0.539062 0.472141 0.0507812 0.0879765 
0 0.838379 0.389648 0.450147 0.0527344 0.0967742 
0 0.845215 0.0424805 0.409824 0.0478516 0.0865103 
0 0.845703 0.93457 0.495601 0.0566406 0.102639 
0 0.850586 0.814453 0.414956 0.0585938 0.0997067 
