0 0.250977 0.0800781 0.1625 0.0332031 0.0642857 
0 0.366699 0.0424805 0.196429 0.0263672 0.0571429 
0 0.412354 0.678223 0.186607 0.0185547 0.0410714 
0 0.444092 0.440918 0.208929 0.0205078 0.0428571 
0 0.53125 0.959473 0.215179 0.0146484 0.0303571 
0 0.689453 0.0673828 0.165179 0.0253906 0.0589286 
0 0.691895 0.894531 0.201786 0.0175781 0.0392857 
0 0.696777 0.321289 0.199107 0.0234375 0.0482143 
0 0.700195 0.931152 0.204464 0.0185547 0.0375 
0 0.701172 0.852539 0.190179 0.0175781 0.0410714 
0 0.702148 0.742188 0.197321 0.0195312 0.0410714 
0 0.71582 0.803711 0.169643 0.0175781 0.0428571 
0 0.736328 0.606934 0.19375 0.0244141 0.0482143 
0 0.750488 0.722656 0.170536 0.0234375 0.0517857 
0 0.767578 0.275391 0.175 0.0273438 0.0607143 
0 0.769531 0.20752 0.175893 0.0283203 0.0553571 
0 0.780762 0.638184 0.15625 0.0263672 0.0553571 
0 0.799316 0.406738 0.16875 0.0263672 0.0553571 
0 0.805664 0.0966797 0.163393 0.0351562 0.0696429 
0 0.827148 0.517578 0.139286 0.03125 0.0678571 
0 0.846191 0.15332 0.10625 0.046875 0.0910714 
0 0.861328 0.358887 0.119643 0.0361328 0.0714286 
