0 0.567871 0.00439453 0.3739 0.00878906 0.0821114 
0 0.593262 0.994629 0.290323 0.00878906 0.0733138 
0 0.788086 0.901855 0.271994 0.0361328 0.0659824 
0 0.794434 0.786133 0.304252 0.0410156 0.0777126 
0 0.831055 0.625977 0.282258 0.0410156 0.0747801 
0 0.839844 0.722656 0.285924 0.0390625 0.0821114 
0 0.853516 0.41748 0.351906 0.0419922 0.0821114 
0 0.864746 0.0615234 0.377566 0.0449219 0.0865103 
0 0.869629 0.326172 0.305718 0.0449219 0.0894428 
0 0.872559 0.495605 0.302053 0.0458984 0.0821114 
0 0.873535 0.254395 0.291056 0.0419922 0.0894428 
0 0.879883 0.420898 0.21261 0.0390625 0.0703812 
0 0.907715 0.172363 0.356305 0.0458984 0.0879765 
